Williamson TC1 error table
error = MITgcm - exact

   day           L1           L2         Linf      RMSE[m]         mass
  0.00  2.05631e-08  2.34395e-08  3.04677e-08  1.61962e-06 -3.64766e-10
  1.00  1.59859e-01  1.41247e-01  1.17753e-01  9.75982e+00 -5.93788e-10
  2.00  2.76136e-01  2.43431e-01  2.02904e-01  1.68205e+01 -1.29023e-09
  3.00  3.18404e-01  2.80385e-01  2.33753e-01  1.93740e+01 -7.82619e-10
  4.00  2.76078e-01  2.43378e-01  2.02928e-01  1.68169e+01 -1.29026e-09
  5.00  1.59757e-01  1.41156e-01  1.17846e-01  9.75354e+00 -5.95091e-10
  6.00  2.58041e-04  2.85398e-04  1.10058e-03  1.97204e-02 -3.65006e-10
  7.00  1.59970e-01  1.41344e-01  1.18071e-01  9.76652e+00 -5.93831e-10
  8.00  2.76249e-01  2.43523e-01  2.03174e-01  1.68269e+01 -1.29023e-09
  9.00  3.18517e-01  2.80475e-01  2.34034e-01  1.93802e+01 -7.82699e-10
 10.00  2.76190e-01  2.43471e-01  2.03214e-01  1.68233e+01 -1.29023e-09
 11.00  1.59868e-01  1.41253e-01  1.18142e-01  9.76025e+00 -5.95129e-10
 12.00  3.49999e-04  3.92058e-04  1.42993e-03  2.70903e-02 -3.65213e-10
