Williamson TC1 error table
error = MITgcm - exact

   day           L1           L2         Linf      RMSE[m]         mass
  0.00  2.05631e-08  2.34395e-08  3.04677e-08  1.61962e-06 -3.64766e-10
  1.00  2.00000e+00  1.41420e+00  1.00000e+00  9.77183e+01 -3.84354e-10
  2.00  2.00000e+00  1.41418e+00  1.00000e+00  9.77169e+01 -6.74612e-10
  3.00  2.00000e+00  1.41414e+00  1.00000e+00  9.77140e+01 -3.09225e-09
  4.00  2.00000e+00  1.41417e+00  1.00000e+00  9.77156e+01 -6.75622e-10
  5.00  2.00000e+00  1.41417e+00  1.00000e+00  9.77157e+01 -3.84794e-10
  6.00  3.23423e-04  3.54317e-04  1.32403e-03  2.44825e-02 -3.65684e-10
  7.00  2.00000e+00  1.41415e+00  1.00000e+00  9.77145e+01 -3.85285e-10
  8.00  2.00000e+00  1.41413e+00  1.00000e+00  9.77132e+01 -6.75546e-10
  9.00  2.00000e+00  1.41409e+00  1.00000e+00  9.77103e+01 -3.09294e-09
 10.00  2.00000e+00  1.41411e+00  1.00000e+00  9.77118e+01 -6.76613e-10
 11.00  2.00000e+00  1.41411e+00  1.00000e+00  9.77120e+01 -3.85683e-10
 12.00  5.47001e-04  5.24320e-04  1.55910e-03  3.62293e-02 -3.66444e-10
