 -7.2005101333E+11  4.0481480306E+10 #   1   1       0 :   1   2    49 PhiVEL  
 -7.1973053044E+10  4.2245796706E+11 #   1   1    1440 :   1   2    49 PhiVEL  
  4.5939968396E+10  2.3900777577E+11 #   1   1    2880 :   1   2    49 PhiVEL  
 -5.3504373276E+11  3.1409123400E+11 #   1   1    4320 :   1   2    49 PhiVEL  
 -8.9170854460E+10  2.4938681503E+11 #   1   1    5760 :   1   2    49 PhiVEL  
 -1.4001937260E+11  3.7510025592E+11 #   1   1    7200 :   1   2    49 PhiVEL  
 -6.1614376503E+11  1.0346454191E+11 #   1   1    8640 :   1   2    49 PhiVEL  
 -1.6101805522E+11  2.1448904259E+11 #   1   1   10080 :   1   2    49 PhiVEL  
  5.8981276602E+10  2.7792993875E+11 #   1   1   11520 :   1   2    49 PhiVEL  
 -7.4778643915E+11  9.6957155029E+10 #   1   1   12960 :   1   2    49 PhiVEL  
 -6.1699508624E+10  3.7089912722E+11 #   1   1   14400 :   1   2    49 PhiVEL  
 -1.3684532810E+11  4.1547692718E+11 #   1   1   15840 :   1   2    49 PhiVEL  
