 -7.3900193825E+11  4.1672851778E+10 #   1   1       0 :   1   2    49 PhiVEL  
 -3.3551865407E+11  1.0274883768E+10 #   1   1    2880 :   1   2    49 PhiVEL  
 -5.2616893222E+10  3.1505315886E+11 #   1   1    5760 :   1   2    49 PhiVEL  
 -2.7121299379E+11  5.9798627313E+10 #   1   1    8640 :   1   2    49 PhiVEL  
 -4.7195002402E+11  1.5568135702E+11 #   1   1   11520 :   1   2    49 PhiVEL  
 -4.4824463949E+11  7.2487352950E+10 #   1   1   14400 :   1   2    49 PhiVEL  
  1.9387362228E+11  4.7052842462E+11 #   1   1   17280 :   1   2    49 PhiVEL  
  1.0927062264E+11  4.2221771451E+11 #   1   1   20160 :   1   2    49 PhiVEL  
 -3.7601045163E+11  2.5863505168E+11 #   1   1   23040 :   1   2    49 PhiVEL  
 -4.5714382722E+11  1.9108949180E+11 #   1   1   25920 :   1   2    49 PhiVEL  
 -1.3063359656E+11  2.3346254294E+11 #   1   1   28800 :   1   2    49 PhiVEL  
  2.9800616857E+11  4.6567044330E+11 #   1   1   31680 :   1   2    49 PhiVEL  
 -3.4202762866E+11  2.1477180407E+11 #   1   1   34560 :   1   2    49 PhiVEL  
 -6.2551955009E+11  1.6491935684E+11 #   1   1   37440 :   1   2    49 PhiVEL  
 -4.4475518759E+11 -1.1499655486E+10 #   1   1   40320 :   1   2    49 PhiVEL  
